PT
50
B201 0 1 1 0 0 0 0
B202 0 2 1 0 0 0 0 
B203 0 1 0 0 0 0 0
B204 0 1 0 0 0 0 0 
B205 0 2 0 0 0 0 0
B206 1 2 0 0 0 0 0
B207 1 2 0 0 0 0 0
B208 1 1 0 0 0 0 0
B209 0 2 0 0 0 0 0
B210 0 1 0 0 0 0 0
B211 0 2 0 0 0 0 0
B212 0 1 0 0 0 0 0
B213 1 2 0 0 0 0 0
B214 0 1 0 0 0 0 0
B215 1 2 0 0 0 0 0
B216 0 1 0 0 0 0 0
B217 1 2 0 0 0 0 0
B218 0 1 0 0 0 0 0
B219 0 2 0 0 0 0 0
B220 1 1 0 0 0 0 0
B221 0 2 0 0 0 0 0
B222 1 2 0 0 0 0 0
B223 1 1 0 0 0 0 0
B224 1 2 0 0 0 0 0
B225 0 1 0 0 0 0 0
B226 1 1 0 0 0 0 0
B227 0 1 0 0 0 0 0
B228 1 1 0 0 0 0 0
B229 0 1 0 0 0 0 0
B230 1 1 0 0 0 0 0
B231 1 1 0 0 0 0 0
B232 1 1 0 0 0 0 0
B233 0 1 0 0 0 0 0 
B234 0 1 0 0 0 0 0
B235 0 1 0 0 0 0 0
B236 0 1 0 0 0 0 0
B237 0 1 0 0 0 0 0
B238 0 1 0 0 0 0 0
B239 0 1 0 0 0 0 0
B241 0 1 0 0 0 0 0
B242 0 1 0 0 0 0 0
B243 0 1 0 0 0 0 0
B244 0 1 0 0 0 0 0
B245 0 1 0 0 0 0 0
B246 0 1 0 0 0 0 0
B247 0 1 0 0 0 0 0
B248 0 1 0 0 0 0 0
B249 0 1 0 0 0 0 0
B250 0 1 0 0 0 0 0