PTG
30
A301 1 1 0 0 0 0 0
A302 0 1 0 0 0 0 0
A303 0 1 0 0 0 0 0
A304 0 1 0 0 0 0 0
A305 0 1 0 0 0 0 0
A306 1 1 0 0 0 0 0
A307 1 1 0 0 0 0 0
A308 1 1 0 0 0 0 0
A309 0 1 0 0 0 0 0
A310 0 1 0 0 0 0 0
A311 1 1 0 0 0 0 0
A312 0 1 0 0 0 0 0
A313 1 1 0 0 0 0 0
A314 0 1 0 0 0 0 0
A315 0 1 0 0 0 0 0
A316 1 1 0 0 0 0 0
A317 0 1 0 0 0 0 0
A318 1 1 0 0 0 0 0
A319 0 1 0 0 0 0 0
A320 1 1 0 0 0 0 0
A321 0 1 0 0 0 0 0
A322 1 1 0 0 0 0 0
A323 0 1 0 0 0 0 0
A324 1 1 0 0 0 0 0
A325 0 1 0 0 0 0 0
A326 1 1 0 0 0 0 0
A327 0 1 0 0 0 0 0
A328 1 1 0 0 0 0 0
A329 0 1 0 0 0 0 0
A330 0 1 0 0 0 0 0